2;arms_factory;813.08;10.60;244.59;4.76;0
2;arms_factory;814.72;10.30;252.72;4.76;0
2;arms_factory;810.56;10.20;249.48;4.76;0
2;arms_factory;809.10;10.30;245.48;4.76;0
2;industrial_complex;816.17;10.30;248.66;4.76;0
2;industrial_complex;812.67;10.30;251.40;4.76;0
2;industrial_complex;825.09;11.50;254.42;4.76;0
2;air_base;814.58;12.20;240.95;4.76;0
2;supply_node;823.15;12.10;242.48;5.86;0
2;naval_base;801.00;9.50;264.00;-1.21;3491
2;naval_base;807.00;9.50;252.00;-1.33;3491
2;naval_base;806.00;11.03;242.00;-2.11;3491
2;naval_base;799.00;11.53;237.00;-2.03;3654
2;bunker;811.52;11.60;260.56;0.78;0
2;bunker;838.80;14.20;237.61;-1.52;0
2;bunker;824.48;12.20;241.34;4.76;0
2;bunker;810.00;13.35;235.00;4.76;0
2;bunker;833.98;17.30;231.54;4.76;0
2;bunker;842.00;13.45;253.00;0.28;0
2;bunker;816.90;11.30;243.69;4.76;0
2;bunker;826.06;14.20;266.61;0.48;0
2;bunker;803.19;12.10;236.22;4.76;0
2;bunker;811.39;14.40;266.28;0.68;0
2;bunker;852.46;14.80;247.53;4.76;0
2;bunker;836.00;12.77;247.00;4.76;0
2;bunker;819.94;11.20;254.53;4.76;0
2;bunker;821.00;14.98;231.00;4.76;0
2;bunker;829.69;12.40;258.51;4.76;0
2;coastal_bunker;801.90;11.20;265.35;-0.81;0
2;coastal_bunker;806.10;10.40;256.61;-1.33;0
2;coastal_bunker;807.68;10.20;244.65;-2.11;0
2;coastal_bunker;802.01;11.20;239.50;-2.63;0
2;dockyard;805.72;10.80;261.01;-1.21;0
2;anti_air_building;813.85;10.70;256.59;1.78;0
2;anti_air_building;811.04;9.90;247.25;2.18;0
2;anti_air_building;807.91;11.80;262.44;1.38;0
2;synthetic_refinery;818.32;10.30;249.17;4.76;0
2;fuel_silo;814.43;10.80;255.05;4.76;0
2;radar_station;810.29;11.30;242.78;5.86;0
2;rocket_site;806.47;12.00;237.49;4.36;0
2;nuclear_reactor;827.96;11.90;249.85;4.76;0
3;arms_factory;794.57;14.90;224.85;2.14;0
3;arms_factory;793.20;13.40;206.73;1.14;0
3;arms_factory;787.78;12.40;205.10;1.14;0
3;arms_factory;790.93;16.80;212.09;1.14;0
3;arms_factory;782.68;13.10;207.94;1.14;0
3;arms_factory;784.79;15.20;212.99;1.14;0
3;industrial_complex;785.16;15.10;206.67;1.14;0
3;industrial_complex;782.00;12.40;206.00;1.14;0
3;industrial_complex;790.46;14.60;222.74;1.14;0
3;industrial_complex;792.57;20.20;215.53;1.14;0
3;industrial_complex;788.82;14.60;208.18;1.14;0
3;industrial_complex;787.58;16.10;217.38;1.14;0
3;air_base;787.11;15.30;209.67;5.84;0
3;supply_node;800.00;15.98;224.00;3.62;0
3;supply_node;792.00;14.62;224.00;3.62;0
3;supply_node;791.12;13.60;208.00;3.62;0
3;supply_node;784.00;14.82;215.00;3.62;0
3;naval_base;780.00;11.30;211.00;-0.79;3550
3;naval_base;786.00;10.78;223.00;-2.68;3654
3;naval_base;781.00;9.50;202.00;-0.46;3658
3;bunker;784.33;13.20;207.46;5.84;0
3;bunker;803.00;16.98;226.00;1.14;0
3;bunker;792.96;15.60;221.30;0.84;0
3;bunker;783.00;13.90;215.00;1.14;0
3;coastal_bunker;780.27;12.50;211.14;-1.99;0
3;coastal_bunker;788.78;11.80;226.45;-2.68;0
3;coastal_bunker;781.57;10.90;202.85;-0.46;0
3;dockyard;779.18;10.60;205.22;-1.09;0
3;anti_air_building;782.00;11.90;206.00;2.14;0
3;anti_air_building;796.08;14.70;224.62;0.64;0
3;anti_air_building;786.77;16.00;215.81;1.14;0
3;synthetic_refinery;794.50;11.50;230.44;1.14;0
3;fuel_silo;792.07;12.40;228.53;1.14;0
3;radar_station;791.26;20.50;215.62;3.62;0
3;rocket_site;787.16;14.90;220.15;1.14;0
3;nuclear_reactor;799.50;15.70;227.27;1.14;0
2;arms_factory;814.32;11.40;259.19;4.76;0
2;industrial_complex;808.56;11.50;259.26;4.76;0
2;industrial_complex;812.70;10.80;254.18;4.76;0
2;industrial_complex;809.69;11.50;251.28;4.76;0
2;arms_factory;812.12;11.90;256.94;4.76;0
10;arms_factory;808.00;14.98;212.00;1.66;0
10;arms_factory;808.00;14.98;212.00;1.66;0
10;arms_factory;808.00;14.98;212.00;1.66;0
10;arms_factory;808.00;14.98;212.00;1.66;0
10;arms_factory;808.00;14.98;212.00;1.66;0
10;arms_factory;808.00;14.98;212.00;1.66;0
10;industrial_complex;808.00;14.98;212.00;1.66;0
10;industrial_complex;808.00;14.98;212.00;1.66;0
10;industrial_complex;808.00;14.98;212.00;1.66;0
10;industrial_complex;808.00;14.98;212.00;1.66;0
10;industrial_complex;808.00;14.98;212.00;1.66;0
10;industrial_complex;808.00;14.98;212.00;1.66;0
10;air_base;849.72;23.50;268.15;1.66;0
10;supply_node;863.00;17.25;241.00;3.16;0
10;supply_node;879.00;16.90;239.00;3.16;0
10;supply_node;893.00;21.23;235.00;3.16;0
10;supply_node;908.00;16.60;232.00;3.16;0
10;supply_node;920.00;17.02;230.00;3.16;0
10;supply_node;930.00;18.15;234.00;3.16;0
10;supply_node;938.00;17.90;241.00;3.16;0
10;supply_node;943.00;17.45;228.00;3.16;0
10;supply_node;956.00;18.40;232.00;3.16;0
10;supply_node;974.00;16.38;233.00;3.16;0
10;supply_node;930.00;12.93;218.00;3.16;0
10;supply_node;910.00;14.88;217.00;3.16;0
10;supply_node;893.00;14.45;220.00;3.16;0
10;supply_node;878.00;16.02;224.00;3.16;0
10;supply_node;868.00;14.25;220.00;3.16;0
10;supply_node;857.00;17.00;229.00;3.16;0
10;supply_node;853.00;12.07;217.00;3.16;0
10;supply_node;842.00;16.12;224.00;3.16;0
10;supply_node;829.00;14.95;218.00;3.16;0
10;supply_node;816.00;14.18;216.00;3.16;0
10;supply_node;803.00;15.10;212.00;3.16;0
10;supply_node;984.00;14.82;252.00;3.16;0
10;supply_node;974.00;16.25;251.00;3.16;0
10;supply_node;963.00;16.18;253.00;3.16;0
10;supply_node;956.00;16.83;260.00;3.16;0
10;supply_node;943.00;19.33;255.00;3.16;0
10;supply_node;928.00;19.93;254.00;3.16;0
10;supply_node;915.00;16.05;263.00;3.16;0
10;supply_node;901.00;19.18;260.00;3.16;0
10;supply_node;887.00;18.55;254.00;3.16;0
10;supply_node;893.00;18.02;267.00;3.16;0
10;supply_node;870.00;18.23;266.00;3.16;0
10;supply_node;871.00;18.35;256.00;3.16;0
10;supply_node;852.00;16.85;261.00;3.16;0
10;supply_node;849.00;18.77;272.00;3.16;0
10;supply_node;838.00;13.78;264.00;3.16;0
10;supply_node;833.00;19.27;275.00;3.16;0
10;supply_node;816.00;17.77;276.00;3.16;0
10;supply_node;801.00;18.20;277.00;3.16;0
10;supply_node;908.00;17.30;250.00;3.16;0
10;naval_base;879.00;10.45;213.00;0.18;3566
10;naval_base;825.00;9.70;212.00;0.54;3501
10;naval_base;818.00;12.20;210.00;0.17;3458
10;naval_base;934.00;9.73;213.00;0.64;3641
10;naval_base;864.00;10.40;214.00;0.32;3566
10;naval_base;904.00;11.18;213.00;-0.67;3481
10;naval_base;853.00;10.38;215.00;0.93;3566
10;naval_base;804.00;10.30;206.00;0.17;3458
10;naval_base;900.00;10.98;213.00;0.28;3481
10;naval_base;843.00;10.55;215.00;0.00;3501
10;bunker;808.00;14.98;212.00;1.66;0
10;bunker;945.00;16.93;258.00;1.66;0
10;bunker;910.00;17.20;234.00;1.66;0
10;bunker;935.00;17.48;221.00;1.66;0
10;bunker;873.00;20.93;234.00;1.66;0
10;bunker;946.00;16.60;227.00;1.66;0
10;bunker;839.00;13.35;218.00;1.66;0
10;bunker;932.00;17.98;233.00;1.66;0
10;bunker;908.00;13.70;213.00;1.66;0
10;bunker;814.00;14.55;215.00;1.66;0
10;bunker;819.00;16.27;275.00;1.66;0
10;bunker;920.00;16.52;262.00;1.66;0
10;bunker;930.00;18.83;253.00;1.66;0
10;bunker;895.00;15.90;275.00;1.66;0
10;bunker;964.00;15.93;256.00;1.66;0
10;bunker;873.00;17.70;256.00;1.66;0
10;bunker;886.00;14.78;217.00;1.66;0
10;bunker;885.00;18.15;257.00;1.66;0
10;bunker;860.00;15.05;222.00;1.66;0
10;bunker;870.00;17.60;224.00;1.66;0
10;bunker;889.00;20.93;235.00;1.66;0
10;bunker;825.00;15.35;220.00;1.66;0
10;bunker;930.00;18.90;241.00;1.66;0
10;bunker;830.00;21.33;275.00;1.66;0
10;bunker;849.00;15.68;259.00;1.66;0
10;bunker;926.00;17.75;229.00;1.66;0
10;bunker;870.00;15.78;239.00;1.66;0
10;bunker;851.00;23.02;270.00;1.66;0
10;bunker;976.00;15.82;248.00;1.66;0
10;bunker;901.00;16.35;265.00;1.66;0
10;bunker;954.00;20.08;265.00;1.66;0
10;bunker;851.00;13.00;219.00;1.66;0
10;bunker;873.00;16.00;239.00;1.66;0
10;bunker;839.00;15.25;267.00;1.66;0
10;bunker;809.00;17.52;279.00;1.66;0
10;bunker;952.00;15.57;226.00;1.66;0
10;bunker;970.00;17.02;234.00;1.66;0
10;bunker;905.00;18.62;252.00;1.66;0
10;bunker;869.00;17.20;269.00;1.66;0
10;bunker;983.00;14.38;248.00;1.66;0
10;coastal_bunker;879.00;10.45;213.00;0.18;0
10;coastal_bunker;825.00;9.70;212.00;0.54;0
10;coastal_bunker;818.00;12.20;210.00;0.17;0
10;coastal_bunker;934.00;9.73;213.00;0.64;0
10;coastal_bunker;864.00;10.40;214.00;0.32;0
10;coastal_bunker;904.00;11.18;213.00;-0.67;0
10;coastal_bunker;853.00;10.38;215.00;0.93;0
10;coastal_bunker;804.00;10.30;206.00;0.17;0
10;coastal_bunker;900.00;10.98;213.00;0.28;0
10;coastal_bunker;843.00;10.55;215.00;0.00;0
10;dockyard;883.81;12.40;212.01;0.18;0
10;anti_air_building;808.00;14.98;212.00;1.66;0
10;anti_air_building;808.00;14.98;212.00;1.66;0
10;anti_air_building;808.00;14.98;212.00;1.66;0
10;synthetic_refinery;808.00;14.98;212.00;1.66;0
10;fuel_silo;808.00;14.98;212.00;1.66;0
10;radar_station;891.00;18.43;244.00;3.16;0
10;rocket_site;896.17;16.50;217.82;1.66;0
10;nuclear_reactor;911.01;21.20;251.68;1.66;0
5;arms_factory;914.00;16.48;244.00;0.55;0
5;arms_factory;914.00;16.48;244.00;0.55;0
5;arms_factory;914.00;16.48;244.00;0.55;0
5;arms_factory;914.00;16.48;244.00;0.55;0
5;arms_factory;914.00;16.48;244.00;0.55;0
5;arms_factory;923.09;16.80;249.69;0.55;0
5;industrial_complex;914.00;16.48;244.00;0.55;0
5;industrial_complex;914.00;16.48;244.00;0.55;0
5;industrial_complex;914.00;16.48;244.00;0.55;0
5;industrial_complex;914.00;16.48;244.00;0.55;0
5;industrial_complex;914.00;16.48;244.00;0.55;0
5;industrial_complex;914.00;16.48;244.00;0.55;0
5;air_base;917.37;17.30;254.82;0.15;0
5;supply_node;855.00;18.52;252.00;1.75;0
5;supply_node;869.00;16.27;248.00;1.75;0
5;supply_node;884.00;16.33;247.00;1.75;0
5;supply_node;895.00;15.85;247.00;1.75;0
5;supply_node;906.00;17.00;243.00;1.75;0
5;supply_node;905.00;16.25;256.00;1.75;0
5;supply_node;920.85;17.30;252.08;1.75;0
5;supply_node;918.00;16.60;245.00;1.75;0
5;supply_node;931.00;17.15;246.00;1.75;0
5;supply_node;949.00;15.50;245.00;1.75;0
5;supply_node;966.00;16.30;243.00;1.75;0
5;supply_node;980.00;14.48;241.00;1.75;0
5;bunker;919.32;16.80;246.49;0.55;0
5;bunker;894.00;15.30;249.00;0.55;0
5;bunker;909.00;17.80;258.00;0.55;0
5;bunker;909.12;15.90;244.72;0.55;0
5;bunker;935.69;18.10;247.52;0.55;0
5;bunker;951.41;15.30;246.45;2.05;0
5;bunker;971.40;15.60;242.60;2.05;0
5;bunker;880.86;16.50;249.18;5.45;0
5;bunker;852.35;16.70;252.54;0.35;0
5;bunker;870.92;16.90;249.47;0.05;0
5;bunker;982.18;13.70;241.21;2.45;0
5;bunker;922.51;17.10;251.44;0.55;0
5;anti_air_building;901.84;16.90;255.67;0.55;0
5;anti_air_building;864.86;15.90;249.10;1.75;0
5;anti_air_building;959.09;17.10;243.01;-1.35;0
5;synthetic_refinery;898.02;15.90;252.18;0.55;0
5;fuel_silo;900.08;16.60;253.71;0.55;0
5;rocket_site;896.30;17.90;244.38;0.55;0
5;nuclear_reactor;927.97;15.80;247.27;0.55;0
7;arms_factory;982.27;10.90;210.55;5.87;0
7;arms_factory;971.76;10.90;210.61;5.87;0
7;arms_factory;975.79;11.60;216.37;5.87;0
7;arms_factory;980.71;11.20;214.21;5.87;0
7;arms_factory;983.50;12.10;221.54;5.87;0
7;industrial_complex;974.17;11.00;212.05;5.87;0
7;industrial_complex;978.95;10.90;212.34;5.87;0
7;industrial_complex;987.25;10.50;207.94;5.87;0
7;industrial_complex;969.00;11.50;209.46;5.87;0
7;industrial_complex;987.20;13.10;221.58;5.87;0
7;industrial_complex;980.93;13.00;222.59;5.87;0
7;arms_factory;982.39;11.80;216.83;5.87;0
7;air_base;965.82;11.80;211.04;5.87;0
7;supply_node;985.00;13.05;226.00;0.99;0
7;supply_node;970.00;14.35;222.00;0.99;0
7;supply_node;952.00;15.43;216.00;0.99;0
7;supply_node;963.73;12.50;214.94;0.99;0
7;supply_node;977.75;11.10;214.67;0.99;0
7;supply_node;994.22;10.90;208.29;0.99;0
7;supply_node;989.00;11.60;216.00;0.99;0
7;supply_node;1000.00;10.10;205.00;0.99;0
7;supply_node;1013.00;12.10;204.00;0.99;0
7;supply_node;1002.00;13.07;215.00;0.99;0
7;naval_base;963.00;10.10;208.00;0.00;3450
7;naval_base;1013.00;9.55;201.00;0.24;3631
7;naval_base;946.00;10.90;211.00;-0.59;3641
7;naval_base;974.00;9.50;206.00;-0.46;3450
7;naval_base;990.05;9.50;203.41;-0.02;3508
7;naval_base;1001.15;9.50;202.19;-0.08;3508
7;bunker;974.63;11.20;213.69;5.87;0
7;bunker;990.00;10.40;213.00;5.87;0
7;bunker;1002.00;10.98;208.00;-1.21;0
7;bunker;1008.00;12.67;212.00;0.49;0
7;bunker;1015.70;13.90;204.72;3.57;0
7;bunker;958.00;14.88;220.00;1.59;0
7;bunker;961.65;11.40;210.66;0.19;0
7;bunker;990.24;10.30;208.23;1.39;0
7;bunker;974.46;14.20;225.04;1.69;0
7;bunker;987.24;12.80;230.68;3.99;0
7;coastal_bunker;958.32;11.10;209.68;-0.10;0
7;coastal_bunker;1018.06;10.40;200.41;-0.16;0
7;coastal_bunker;949.77;11.90;210.28;-0.09;0
7;coastal_bunker;978.41;9.80;205.09;-0.06;0
7;coastal_bunker;994.00;9.85;203.00;-0.02;0
7;coastal_bunker;998.25;10.10;203.89;-0.18;0
7;dockyard;981.16;9.60;204.76;-0.30;0
7;anti_air_building;984.99;10.00;207.37;3.27;0
7;anti_air_building;965.60;11.00;208.31;3.29;0
7;anti_air_building;980.74;11.60;219.39;5.87;0
7;synthetic_refinery;983.85;11.10;212.79;5.87;0
7;fuel_silo;985.65;10.50;209.88;5.87;0
7;radar_station;997.87;12.60;211.61;0.99;0
7;rocket_site;987.53;10.20;205.69;-2.11;0
7;nuclear_reactor;970.84;12.10;216.40;5.87;0
4;arms_factory;803.78;14.90;286.54;3.81;0
4;arms_factory;795.06;13.20;296.64;3.81;0
4;arms_factory;798.51;15.20;285.50;3.81;0
4;arms_factory;788.33;13.60;292.66;3.81;0
4;arms_factory;794.51;13.80;290.40;3.81;0
4;arms_factory;785.40;13.70;278.94;3.81;0
4;industrial_complex;792.12;13.60;291.57;3.81;0
4;industrial_complex;789.83;14.40;290.83;3.81;0
4;industrial_complex;796.46;15.00;288.23;3.81;0
4;industrial_complex;792.47;14.40;286.56;3.81;0
4;industrial_complex;800.73;15.10;287.30;3.81;0
4;industrial_complex;790.01;13.90;294.30;3.81;0
4;air_base;799.42;14.90;289.15;3.81;0
4;supply_node;792.00;12.80;271.00;5.10;0
4;supply_node;783.00;11.82;275.00;5.10;0
4;supply_node;787.00;12.78;285.00;5.10;0
4;supply_node;801.84;15.10;285.43;5.10;0
4;supply_node;789.94;13.90;296.54;5.10;0
4;naval_base;789.00;10.12;268.00;0.32;3635
4;naval_base;782.00;10.55;281.00;-0.79;3635
4;naval_base;782.00;9.93;286.00;-1.89;3628
4;bunker;792.52;12.20;298.79;4.61;0
4;bunker;805.98;14.70;286.80;3.81;0
4;bunker;790.83;13.70;273.12;0.03;0
4;bunker;785.31;13.10;276.22;4.71;0
4;bunker;788.46;13.80;288.04;4.81;0
4;coastal_bunker;792.94;11.30;268.17;-0.08;0
4;coastal_bunker;782.61;11.30;272.14;-0.99;0
4;coastal_bunker;782.00;10.73;286.00;-1.89;0
4;dockyard;785.12;11.40;270.12;-0.28;0
4;anti_air_building;792.44;13.10;294.45;0.61;0
4;anti_air_building;789.23;14.40;283.73;0.71;0
4;anti_air_building;796.99;14.10;292.74;0.13;0
4;synthetic_refinery;794.62;14.20;286.77;3.81;0
4;fuel_silo;792.34;13.90;288.59;3.81;0
4;radar_station;791.90;15.90;282.72;5.10;0
4;rocket_site;785.56;13.70;282.77;3.81;0
4;nuclear_reactor;797.24;14.90;283.64;3.81;0
12;arms_factory;969.82;15.00;293.40;0.66;0
12;arms_factory;973.92;15.10;287.00;1.96;0
12;arms_factory;978.71;14.90;291.84;3.46;0
12;arms_factory;953.78;14.40;292.80;1.06;0
12;arms_factory;949.28;14.30;289.72;1.06;0
12;arms_factory;962.13;13.70;284.28;1.06;0
12;industrial_complex;951.57;14.30;293.54;1.56;0
12;industrial_complex;950.75;14.10;291.14;1.66;0
12;industrial_complex;969.30;15.10;290.90;0.26;0
12;industrial_complex;945.07;14.60;287.20;0.36;0
12;industrial_complex;973.86;15.60;291.75;2.06;0
12;industrial_complex;976.50;15.00;295.15;1.66;0
12;air_base;966.24;15.20;288.61;0.26;0
12;supply_node;969.00;14.75;274.00;2.39;0
12;supply_node;971.43;15.10;287.75;2.39;0
12;supply_node;979.00;14.75;287.00;2.39;0
12;supply_node;981.00;14.45;299.00;2.39;0
12;supply_node;968.00;14.53;299.00;2.39;0
12;supply_node;960.00;14.28;284.00;2.39;0
12;supply_node;948.29;14.40;292.46;2.39;0
12;supply_node;944.00;14.68;282.00;2.39;0
12;supply_node;942.00;15.50;270.00;2.39;0
12;supply_node;931.00;15.50;264.00;2.39;0
12;supply_node;956.00;14.30;300.00;2.39;0
12;supply_node;955.00;15.75;274.00;2.39;0
12;bunker;958.00;15.95;293.00;1.06;0
12;bunker;970.43;16.10;276.80;-2.54;0
12;bunker;951.00;16.43;273.00;1.06;0
12;bunker;965.33;14.20;301.29;5.16;0
12;bunker;932.59;16.30;270.66;1.06;0
12;bunker;972.00;15.07;293.00;4.16;0
12;bunker;942.74;14.60;285.42;4.96;0
12;bunker;941.32;15.60;272.56;4.56;0
12;bunker;981.56;14.90;288.79;2.76;0
12;bunker;977.86;14.30;298.29;3.56;0
12;bunker;961.63;15.10;287.15;2.96;0
12;bunker;953.40;14.30;300.72;4.96;0
12;anti_air_building;954.24;15.80;286.69;1.06;0
12;anti_air_building;962.79;17.10;293.47;0.66;0
12;anti_air_building;946.68;14.40;283.69;1.06;0
12;synthetic_refinery;975.99;15.50;289.54;1.06;0
12;fuel_silo;979.13;14.90;294.24;1.06;0
12;radar_station;957.67;17.10;289.36;2.39;0
12;rocket_site;950.22;14.60;287.52;1.06;0
12;nuclear_reactor;956.06;14.00;278.88;1.06;0
6;arms_factory;998.01;13.70;276.30;2.75;0
6;arms_factory;1006.48;13.90;274.77;1.75;0
6;arms_factory;998.49;13.30;266.80;4.35;0
6;arms_factory;1006.48;14.20;269.19;1.75;0
6;arms_factory;999.61;13.20;270.13;1.75;0
6;arms_factory;1003.44;14.00;275.32;1.25;0
6;industrial_complex;997.97;13.80;272.45;1.75;0
6;industrial_complex;1004.18;13.60;271.68;1.75;0
6;industrial_complex;1000.45;13.90;273.48;1.75;0
6;industrial_complex;1001.85;13.90;266.39;1.75;0
6;industrial_complex;1007.18;13.40;272.87;2.95;0
6;industrial_complex;1001.37;14.20;276.33;1.75;0
6;air_base;997.74;14.40;280.52;1.75;0
6;supply_node;996.92;14.30;274.28;5.79;0
6;supply_node;994.00;13.30;257.00;5.79;0
6;supply_node;988.00;12.75;242.00;5.79;0
6;supply_node;1006.00;18.35;260.00;5.79;0
6;supply_node;987.00;15.43;266.00;5.79;0
6;supply_node;985.00;14.20;276.00;5.79;0
6;supply_node;990.00;13.78;286.00;5.79;0
6;supply_node;1000.00;14.55;284.00;5.79;0
6;supply_node;1010.00;15.00;286.00;5.79;0
6;supply_node;1015.00;14.53;271.00;5.79;0
6;supply_node;1022.00;19.27;260.00;5.79;0
6;supply_node;975.00;17.35;263.00;5.79;0
6;supply_node;994.00;14.68;297.00;5.79;0
6;bunker;985.00;14.90;269.00;4.05;0
6;bunker;978.24;15.90;265.61;3.85;0
6;bunker;988.94;14.00;276.57;3.95;0
6;bunker;1001.00;14.80;286.00;4.05;0
6;bunker;991.00;14.53;298.00;3.75;0
6;bunker;1012.00;14.28;271.00;3.75;0
6;bunker;996.49;13.60;257.67;3.15;0
6;bunker;1004.90;13.90;275.32;4.05;0
6;bunker;1008.67;18.20;262.28;4.35;0
6;bunker;988.58;13.90;288.24;4.95;0
6;bunker;989.64;12.80;247.68;0.35;0
6;bunker;1009.00;15.10;293.00;4.05;0
6;bunker;1019.00;17.90;261.00;4.35;0
6;anti_air_building;992.88;13.70;282.59;0.45;0
6;anti_air_building;1004.05;14.40;280.77;6.15;0
6;anti_air_building;1000.84;13.70;269.52;0.25;0
6;synthetic_refinery;998.26;13.70;263.19;1.75;0
6;fuel_silo;1000.10;14.30;265.56;1.75;0
6;radar_station;1003.38;14.90;283.11;5.79;0
6;rocket_site;988.59;13.80;282.65;1.75;0
6;nuclear_reactor;990.99;16.20;264.57;1.75;0
8;arms_factory;1078.00;13.25;208.00;2.61;0
8;arms_factory;1078.00;13.25;208.00;2.61;0
8;arms_factory;1078.00;13.25;208.00;2.61;0
8;arms_factory;1078.00;13.25;208.00;2.61;0
8;arms_factory;1078.00;13.25;208.00;2.61;0
8;arms_factory;1078.00;13.25;208.00;2.61;0
8;industrial_complex;1081.28;12.60;213.14;2.11;0
8;industrial_complex;1078.00;13.25;208.00;2.61;0
8;industrial_complex;1078.00;13.25;208.00;2.61;0
8;industrial_complex;1078.00;13.25;208.00;2.61;0
8;industrial_complex;1078.00;13.25;208.00;2.61;0
8;industrial_complex;1078.00;13.25;208.00;2.61;0
8;air_base;1034.54;16.20;222.12;2.61;0
8;supply_node;997.00;13.68;230.00;3.92;0
8;supply_node;1015.00;13.18;232.00;3.92;0
8;supply_node;1024.00;12.75;228.00;3.92;0
8;supply_node;1031.00;13.55;221.00;3.92;0
8;supply_node;1041.00;13.88;218.00;3.92;0
8;supply_node;1055.00;12.98;215.00;3.92;0
8;supply_node;1066.00;12.55;212.00;3.92;0
8;supply_node;1080.00;13.20;210.00;3.92;0
8;supply_node;1092.00;13.25;203.00;3.92;0
8;supply_node;1103.00;12.75;196.00;3.92;0
8;supply_node;1110.00;14.00;189.00;3.92;0
8;supply_node;1117.00;12.25;194.00;3.92;0
8;supply_node;1120.00;12.68;185.00;3.92;0
8;supply_node;1127.99;11.80;185.72;3.92;0
8;bunker;1084.37;12.90;207.81;2.61;0
8;bunker;1122.57;12.40;185.33;1.31;0
8;bunker;1038.59;12.70;221.52;2.61;0
8;bunker;994.78;13.40;230.76;5.71;0
8;bunker;1058.41;12.70;215.39;2.61;0
8;bunker;1112.00;12.00;189.52;3.41;0
8;bunker;1027.00;12.55;228.00;4.21;0
8;bunker;1132.58;12.20;186.05;1.02;0
8;bunker;1106.54;11.50;196.66;1.61;0
8;bunker;1120.44;11.90;193.59;0.42;0
8;bunker;1012.21;12.70;233.91;2.11;0
8;bunker;1030.84;13.60;223.22;5.21;0
8;bunker;1064.00;12.48;216.00;0.51;0
8;bunker;1093.11;13.90;199.67;3.21;0
8;anti_air_building;1075.19;12.50;212.07;5.01;0
8;anti_air_building;1026.92;13.90;222.63;6.11;0
8;anti_air_building;1000.96;12.60;231.14;1.51;0
8;synthetic_refinery;1070.52;12.80;212.31;2.61;0
8;fuel_silo;1073.22;12.70;213.12;2.61;0
8;radar_station;1037.15;16.90;220.15;3.92;0
8;rocket_site;1129.35;14.00;188.48;2.01;0
8;nuclear_reactor;1049.76;12.60;216.60;2.61;0
11;arms_factory;1013.00;15.25;218.00;4.32;0
11;arms_factory;1013.00;15.25;218.00;4.32;0
11;arms_factory;1013.00;15.25;218.00;4.32;0
11;arms_factory;1013.00;15.25;218.00;4.32;0
11;arms_factory;1013.00;15.25;218.00;4.32;0
11;arms_factory;1013.00;15.25;218.00;4.32;0
11;industrial_complex;1013.00;15.25;218.00;4.32;0
11;industrial_complex;1013.00;15.25;218.00;4.32;0
11;industrial_complex;1013.00;15.25;218.00;4.32;0
11;industrial_complex;1013.00;15.25;218.00;4.32;0
11;industrial_complex;1013.00;15.25;218.00;4.32;0
11;industrial_complex;1013.00;15.25;218.00;4.32;0
11;air_base;1056.99;25.50;236.10;4.32;0
11;supply_node;1005.00;16.60;224.00;4.64;0
11;supply_node;1017.00;15.07;219.00;4.64;0
11;supply_node;1025.00;13.25;208.00;4.64;0
11;supply_node;1035.00;19.50;209.00;4.64;0
11;supply_node;1041.00;17.23;201.00;4.64;0
11;supply_node;1053.00;14.25;208.00;4.64;0
11;supply_node;1052.00;10.50;195.00;4.64;0
11;supply_node;1062.00;15.88;199.00;4.64;0
11;supply_node;1068.00;10.05;188.00;4.64;0
11;supply_node;1072.00;22.20;203.00;4.64;0
11;supply_node;1079.00;15.32;194.00;4.64;0
11;supply_node;1090.00;17.58;188.00;4.64;0
11;supply_node;1099.00;12.98;180.00;4.64;0
11;supply_node;1113.00;13.95;177.00;4.64;0
11;supply_node;1126.00;12.15;171.00;4.64;0
11;supply_node;1136.00;13.25;163.00;4.64;0
11;supply_node;1135.00;14.28;195.00;4.64;0
11;supply_node;1127.00;17.75;202.00;4.64;0
11;supply_node;1118.00;19.77;205.00;4.64;0
11;supply_node;1105.00;12.50;203.00;4.64;0
11;supply_node;1103.00;18.85;214.00;4.64;0
11;supply_node;1088.00;17.10;217.00;4.64;0
11;supply_node;1072.00;19.88;224.00;4.64;0
11;supply_node;1059.00;18.48;225.00;4.64;0
11;supply_node;1059.00;24.73;241.00;4.64;0
11;supply_node;1051.00;22.62;235.00;4.64;0
11;supply_node;1043.00;17.45;228.00;4.64;0
11;supply_node;1041.00;18.02;244.00;4.64;0
11;supply_node;1032.00;16.38;235.00;4.64;0
11;supply_node;1028.00;22.23;247.00;4.64;0
11;supply_node;1015.00;15.48;239.00;4.64;0
11;supply_node;1016.00;18.73;249.00;4.64;0
11;supply_node;1000.00;19.12;244.00;4.64;0
11;naval_base;1074.00;9.50;184.00;0.95;3506
11;naval_base;1093.00;9.50;177.00;-1.29;3506
11;naval_base;1107.00;9.50;172.00;-0.46;3668
11;naval_base;1039.00;9.88;197.00;-0.38;3527
11;naval_base;1126.00;9.50;165.00;-1.25;3496
11;naval_base;1087.00;9.50;180.00;-0.79;3506
11;naval_base;1048.00;9.75;194.00;0.00;3617
11;naval_base;1121.00;9.50;168.00;-0.79;3496
11;naval_base;1021.00;9.55;199.00;-0.11;3631
11;bunker;1013.00;15.25;218.00;4.32;0
11;bunker;1009.00;17.25;248.00;4.32;0
11;bunker;1028.00;14.68;205.00;4.32;0
11;bunker;1077.00;14.10;191.00;4.32;0
11;bunker;1111.00;13.38;178.00;4.32;0
11;bunker;1067.00;21.70;228.00;4.32;0
11;bunker;1092.00;19.65;219.00;4.32;0
11;bunker;997.00;19.55;245.00;4.32;0
11;bunker;1055.00;19.90;230.00;4.32;0
11;bunker;1042.00;16.90;229.00;4.32;0
11;bunker;1061.00;22.12;242.00;4.32;0
11;bunker;1102.00;18.62;214.00;4.32;0
11;bunker;1128.00;18.68;200.00;4.32;0
11;bunker;1009.00;18.25;222.00;4.32;0
11;bunker;1072.00;22.15;202.00;4.32;0
11;bunker;1072.00;12.10;189.00;4.32;0
11;bunker;1087.00;16.58;196.00;4.32;0
11;bunker;1040.00;17.62;248.00;4.32;0
11;bunker;1062.00;22.93;232.00;4.32;0
11;bunker;1133.00;12.38;164.00;4.32;0
11;bunker;1125.00;11.73;172.00;4.32;0
11;bunker;1068.00;15.28;199.00;4.32;0
11;bunker;1105.00;10.57;174.00;4.32;0
11;bunker;1048.00;14.95;211.00;4.32;0
11;bunker;1054.00;10.95;193.00;4.32;0
11;bunker;1119.00;15.57;199.00;4.32;0
11;bunker;1045.00;18.02;208.00;4.32;0
11;bunker;1101.00;12.80;204.00;4.32;0
11;bunker;1134.00;15.23;195.00;4.32;0
11;bunker;1018.00;16.02;241.00;4.32;0
11;bunker;1028.00;21.45;251.00;4.32;0
11;bunker;1035.00;15.40;205.00;4.32;0
11;bunker;1029.00;16.27;236.00;4.32;0
11;coastal_bunker;1074.00;9.50;184.00;0.95;0
11;coastal_bunker;1093.00;9.50;177.00;-1.29;0
11;coastal_bunker;1107.00;9.50;172.00;-0.46;0
11;coastal_bunker;1039.00;9.88;197.00;-0.38;0
11;coastal_bunker;1126.00;9.50;165.00;-1.25;0
11;coastal_bunker;1087.00;9.50;180.00;-0.79;0
11;coastal_bunker;1048.00;9.75;194.00;0.00;0
11;coastal_bunker;1121.00;9.50;168.00;-0.79;0
11;coastal_bunker;1021.00;9.55;199.00;-0.11;0
11;dockyard;1074.00;9.50;184.00;0.95;0
11;anti_air_building;1013.00;15.25;218.00;4.32;0
11;anti_air_building;1013.00;15.25;218.00;4.32;0
11;anti_air_building;1013.00;15.25;218.00;4.32;0
11;synthetic_refinery;1013.00;15.25;218.00;4.32;0
11;fuel_silo;1013.00;15.25;218.00;4.32;0
11;rocket_site;1036.66;17.30;200.20;4.32;0
11;radar_station;1068.00;14.85;207.00;4.64;0
11;nuclear_reactor;1013.00;15.25;218.00;4.32;0
9;arms_factory;1158.36;10.90;178.84;5.27;0
9;arms_factory;1157.21;10.90;175.37;5.27;0
9;arms_factory;1155.67;11.00;182.27;5.27;0
9;arms_factory;1156.41;11.30;179.36;5.27;0
9;arms_factory;1158.80;11.00;182.26;5.27;0
9;arms_factory;1152.55;10.80;184.36;5.27;0
9;industrial_complex;1147.58;11.50;185.65;5.27;0
9;industrial_complex;1154.00;10.90;170.21;5.27;0
9;industrial_complex;1154.37;10.90;175.28;5.27;0
9;industrial_complex;1151.12;11.80;178.13;5.27;0
9;industrial_complex;1161.13;10.90;176.49;5.27;0
9;industrial_complex;1155.35;11.90;188.31;5.27;0
9;air_base;1162.23;11.60;181.78;5.27;0
9;supply_node;1132.00;11.70;177.00;0.23;0
9;supply_node;1142.00;11.20;180.00;0.23;0
9;supply_node;1147.00;11.40;190.00;0.23;0
9;supply_node;1157.33;10.80;183.40;0.23;0
9;supply_node;1156.13;10.10;163.23;0.23;0
9;supply_node;1145.00;11.80;168.00;0.23;0
9;supply_node;1149.36;11.80;150.70;0.23;0
9;supply_node;1139.00;11.00;153.00;0.23;0
9;supply_node;1165.25;11.20;158.59;0.23;0
9;supply_node;1174.92;12.60;171.73;0.23;0
9;supply_node;1167.70;12.20;182.75;0.23;0
9;supply_node;1165.73;12.60;193.32;0.23;0
9;supply_node;1160.67;10.30;150.39;2.03;0
9;supply_node;1152.81;10.00;138.62;3.13;0
9;naval_base;1138.00;9.50;151.00;-1.00;3605
9;naval_base;1148.07;9.50;141.79;-0.67;3605
9;naval_base;1143.00;9.50;146.00;-0.69;3605
9;bunker;1152.00;11.65;173.00;2.89;0
9;bunker;1145.34;10.90;183.91;2.49;0
9;bunker;1150.43;10.40;188.53;1.79;0
9;bunker;1135.93;10.90;176.64;1.29;0
9;bunker;1162.82;10.90;163.63;2.09;0
9;bunker;1171.03;12.00;170.28;2.29;0
9;bunker;1160.17;11.20;183.63;3.27;0
9;bunker;1169.00;12.50;187.00;5.27;0
9;bunker;1155.00;10.23;144.00;2.59;0
9;bunker;1155.00;10.32;158.00;1.49;0
9;bunker;1157.93;10.20;153.24;1.99;0
9;bunker;1146.00;12.40;158.00;2.97;0
9;bunker;1160.94;11.50;189.62;3.67;0
9;bunker;1138.00;11.82;155.00;0.49;0
9;coastal_bunker;1140.94;10.80;149.31;-1.30;0
9;coastal_bunker;1144.71;11.10;147.41;-0.57;0
9;coastal_bunker;1145.59;9.60;144.08;-0.69;0
9;dockyard;1151.01;9.50;137.19;-1.00;0
9;anti_air_building;1160.48;10.60;178.67;4.87;0
9;anti_air_building;1154.66;10.70;186.31;5.27;0
9;anti_air_building;1157.12;10.60;168.81;4.07;0
9;synthetic_refinery;1159.50;11.00;173.33;5.27;0
9;fuel_silo;1162.98;10.90;174.65;5.27;0
9;radar_station;1154.44;13.90;190.86;0.23;0
9;rocket_site;1164.63;12.20;189.78;5.27;0
9;nuclear_reactor;1158.16;10.70;165.77;5.27;0
1;rocket_site;43.16;17.40;495.18;2.10;0
1;air_base;53.29;17.80;234.52;2.10;0
15;arms_factory;762.00;12.03;296.00;2.76;0
15;arms_factory;758.17;12.40;294.48;2.76;0
15;arms_factory;761.32;12.80;291.87;2.76;0
15;arms_factory;766.04;12.40;290.39;2.76;0
15;arms_factory;768.84;11.80;292.02;2.76;0
15;arms_factory;764.56;12.60;293.59;2.76;0
15;industrial_complex;759.47;12.10;293.51;2.76;0
15;industrial_complex;763.16;12.10;293.68;2.76;0
15;industrial_complex;763.86;12.60;291.52;2.76;0
15;industrial_complex;764.32;12.50;288.98;2.76;0
15;industrial_complex;766.85;11.30;286.85;2.76;0
15;industrial_complex;754.63;13.70;293.23;2.76;0
15;air_base;758.96;13.10;289.66;2.76;0
15;supply_node;764.00;12.45;274.00;4.57;0
15;supply_node;765.00;11.75;286.00;4.57;0
15;supply_node;756.06;13.00;294.26;4.57;0
15;naval_base;767.00;10.48;274.00;1.57;3635
15;naval_base;768.00;10.65;287.00;-4.25;3628
15;bunker;762.00;11.82;296.00;2.76;0
15;bunker;762.57;12.60;283.67;2.96;0
15;bunker;765.58;11.70;276.69;3.26;0
15;coastal_bunker;764.99;10.60;270.52;0.77;0
15;coastal_bunker;768.36;10.50;284.25;-4.75;0
15;dockyard;768.30;10.80;278.55;1.57;0
15;anti_air_building;756.98;12.30;294.81;0.16;0
15;anti_air_building;762.11;13.00;286.77;5.26;0
15;anti_air_building;764.65;12.40;279.40;-1.94;0
15;synthetic_refinery;766.69;11.80;293.83;2.76;0
15;fuel_silo;767.57;11.60;290.49;2.76;0
15;radar_station;759.25;13.90;286.40;4.57;0
15;rocket_site;763.17;14.80;275.41;2.76;0
15;nuclear_reactor;765.43;12.40;281.98;-0.14;0
13;arms_factory;741.17;10.50;248.74;3.16;0
13;arms_factory;738.50;10.80;245.80;2.86;0
13;arms_factory;738.54;10.80;248.65;3.36;0
13;arms_factory;739.41;10.80;242.50;3.96;0
13;arms_factory;736.82;10.90;243.82;3.36;0
13;arms_factory;735.42;10.80;247.76;2.66;0
13;industrial_complex;740.56;10.50;244.31;1.56;0
13;industrial_complex;736.24;10.80;246.26;2.76;0
13;industrial_complex;740.07;10.30;256.75;2.26;0
13;industrial_complex;726.25;10.70;254.31;2.26;0
13;industrial_complex;726.12;10.90;251.29;3.16;0
13;industrial_complex;740.95;10.30;240.58;3.46;0
13;air_base;739.80;10.40;253.78;3.06;0
13;supply_node;736.45;10.50;250.44;5.33;0
13;supply_node;736.13;10.30;257.44;5.33;0
13;supply_node;728.00;10.95;251.00;5.33;0
13;supply_node;723.00;13.85;263.00;5.33;0
13;supply_node;732.23;10.40;261.80;5.33;0
13;supply_node;750.00;13.28;268.00;5.33;0
13;supply_node;737.00;11.93;234.00;5.33;0
13;supply_node;728.00;11.52;239.00;-0.15;0
13;supply_node;715.00;11.57;251.00;0.05;0
13;supply_node;745.59;11.60;230.64;5.83;0
13;supply_node;714.43;12.00;245.87;2.95;0
13;naval_base;756.00;11.25;269.00;0.65;3505
13;naval_base;744.00;10.20;241.00;1.57;3562
13;naval_base;746.00;9.80;259.00;-5.17;3505
13;naval_base;748.00;12.23;227.00;-4.07;3562
13;naval_base;745.00;10.85;236.00;-4.35;3562
13;bunker;730.17;10.80;253.46;1.76;0
13;bunker;731.34;11.00;241.40;2.66;0
13;bunker;725.60;11.00;261.33;1.26;0
13;bunker;740.28;11.00;235.33;3.26;0
13;bunker;739.17;10.50;250.33;4.56;0
13;bunker;741.63;10.30;257.43;2.96;0
13;bunker;734.00;15.05;272.00;1.26;0
13;bunker;709.11;12.60;250.95;5.46;0
13;bunker;756.73;12.00;270.59;1.66;0
13;bunker;708.78;14.10;244.76;4.76;0
13;bunker;743.43;13.10;228.71;3.36;0
13;coastal_bunker;751.62;11.00;265.58;0.75;0
13;coastal_bunker;744.60;10.20;246.31;1.57;0
13;coastal_bunker;745.53;9.90;256.19;-5.17;0
13;coastal_bunker;747.43;11.60;230.44;-4.07;0
13;coastal_bunker;744.47;10.20;238.20;-4.65;0
13;dockyard;744.55;10.20;251.41;1.65;0
13;anti_air_building;729.63;10.90;249.41;1.06;0
13;anti_air_building;742.46;10.00;254.16;-1.14;0
13;anti_air_building;741.56;10.10;239.48;4.26;0
13;synthetic_refinery;723.19;10.80;253.18;2.26;0
13;fuel_silo;724.14;11.00;249.71;2.26;0
13;radar_station;746.23;12.40;267.02;1.45;0
13;rocket_site;747.85;14.10;269.03;5.16;0
13;nuclear_reactor;720.47;11.00;249.55;0.26;0
16;arms_factory;758.00;13.45;210.00;4.33;0
16;arms_factory;758.00;13.45;210.00;4.33;0
16;arms_factory;758.00;13.45;210.00;4.33;0
16;arms_factory;758.00;13.45;210.00;4.33;0
16;arms_factory;758.00;13.45;210.00;4.33;0
16;arms_factory;758.00;13.45;210.00;4.33;0
16;industrial_complex;758.30;15.10;213.30;4.33;0
16;industrial_complex;758.00;13.45;210.00;4.33;0
16;industrial_complex;758.00;13.45;210.00;4.33;0
16;industrial_complex;758.00;13.45;210.00;4.33;0
16;industrial_complex;758.00;13.45;210.00;4.33;0
16;industrial_complex;758.00;13.45;210.00;4.33;0
16;air_base;753.25;14.10;207.48;0.45;0
16;supply_node;757.00;15.10;218.00;4.94;0
16;supply_node;762.00;11.77;210.00;1.46;0
16;supply_node;758.38;11.10;206.39;5.04;0
16;naval_base;756.00;10.60;204.00;0.59;3550
16;naval_base;762.00;11.40;217.00;1.57;3550
16;naval_base;764.69;10.60;213.35;-4.19;3550
16;bunker;756.10;14.90;215.86;2.33;0
16;bunker;762.00;11.82;213.00;2.55;0
16;bunker;756.97;13.20;207.99;1.35;0
16;coastal_bunker;752.34;11.10;203.42;-0.01;0
16;coastal_bunker;761.18;10.80;222.59;2.17;0
16;coastal_bunker;765.90;10.40;209.55;-5.19;0
16;dockyard;757.51;11.00;224.69;-3.31;0
16;anti_air_building;753.54;18.30;211.31;3.63;0
16;anti_air_building;760.38;13.10;210.90;3.93;0
16;anti_air_building;756.83;13.30;221.61;5.63;0
16;synthetic_refinery;754.89;15.60;219.71;4.33;0
16;fuel_silo;754.84;19.20;215.07;4.33;0
16;radar_station;756.29;18.20;214.84;6.04;0
16;rocket_site;760.52;13.90;213.61;4.33;0
16;nuclear_reactor;758.56;12.10;222.50;4.33;0
22;arms_factory;676.00;16.40;225.00;1.82;0
22;arms_factory;676.00;16.40;225.00;1.82;0
22;arms_factory;676.00;16.40;225.00;1.82;0
22;arms_factory;676.00;16.40;225.00;1.82;0
22;arms_factory;676.00;16.40;225.00;1.82;0
22;arms_factory;676.00;16.40;225.00;1.82;0
22;industrial_complex;676.00;16.40;225.00;1.82;0
22;industrial_complex;676.00;16.40;225.00;1.82;0
22;industrial_complex;676.00;16.40;225.00;1.82;0
22;industrial_complex;676.00;16.40;225.00;1.82;0
22;industrial_complex;676.00;16.40;225.00;1.82;0
22;industrial_complex;676.00;16.40;225.00;1.82;0
22;air_base;676.00;16.40;225.00;1.82;0
22;supply_node;747.00;22.80;215.00;4.11;0
22;supply_node;738.00;13.20;207.00;4.11;0
22;supply_node;736.00;17.85;217.00;4.11;0
22;supply_node;722.00;14.62;212.00;4.11;0
22;supply_node;725.00;19.08;222.00;4.11;0
22;supply_node;721.00;17.35;232.00;4.11;0
22;supply_node;711.00;20.12;231.00;4.11;0
22;supply_node;702.00;18.08;223.00;4.11;0
22;supply_node;708.00;12.73;212.00;4.11;0
22;supply_node;692.00;13.38;214.00;4.11;0
22;supply_node;694.00;19.70;234.00;4.11;0
22;supply_node;682.00;15.57;221.00;4.11;0
22;supply_node;671.00;14.15;217.00;4.11;0
22;supply_node;659.00;15.38;220.00;4.11;0
22;supply_node;676.00;17.75;233.00;4.11;0
22;supply_node;647.00;15.85;230.00;4.11;0
22;supply_node;637.00;17.27;237.00;4.11;0
22;supply_node;633.00;19.43;226.00;4.11;0
22;supply_node;652.00;12.62;216.00;4.11;0
22;supply_node;641.00;13.55;216.00;4.11;0
22;supply_node;611.00;16.12;218.00;4.11;0
22;supply_node;628.00;12.90;214.00;4.11;0
22;supply_node;605.00;16.40;251.00;4.11;0
22;supply_node;614.00;17.52;245.00;4.11;0
22;supply_node;620.00;20.85;256.00;4.11;0
22;supply_node;627.00;18.60;262.00;4.11;0
22;supply_node;644.00;18.90;254.00;4.11;0
22;supply_node;639.00;18.00;267.00;4.11;0
22;supply_node;655.00;17.83;263.00;4.11;0
22;supply_node;664.00;17.15;253.00;4.11;0
22;supply_node;672.00;17.52;266.00;4.11;0
22;supply_node;685.00;18.27;255.00;4.11;0
22;supply_node;683.00;18.43;272.00;4.11;0
22;supply_node;697.00;16.60;265.00;4.11;0
22;supply_node;704.00;19.00;256.00;4.11;0
22;supply_node;693.00;19.00;278.00;4.11;0
22;supply_node;704.00;19.75;276.00;4.11;0
22;supply_node;717.00;18.52;276.00;4.11;0
22;supply_node;725.00;17.08;279.00;4.11;0
22;supply_node;742.00;21.18;277.00;4.11;0
22;supply_node;755.00;16.90;280.00;4.11;0
22;supply_node;712.00;17.75;265.00;4.11;0
22;supply_node;660.00;17.45;234.00;4.11;0
22;supply_node;620.00;16.95;227.00;4.11;0
22;naval_base;734.00;10.82;207.00;-1.11;3536
22;naval_base;726.00;10.15;208.00;-0.24;3536
22;naval_base;680.00;10.20;212.00;-0.11;3558
22;naval_base;627.00;10.20;211.00;0.32;3636
22;naval_base;668.00;10.20;212.00;0.38;3558
22;naval_base;696.00;10.95;211.00;0.00;3646
22;naval_base;705.00;10.20;210.00;-0.79;3646
22;naval_base;657.00;10.20;213.00;0.32;3498
22;naval_base;612.00;9.50;209.00;0.51;3581
22;naval_base;641.00;10.20;212.00;0.46;3498
22;naval_base;662.00;10.20;213.00;0.28;3498
22;bunker;676.00;16.40;225.00;1.82;0
22;bunker;625.00;16.15;219.00;1.82;0
22;bunker;705.00;17.27;219.00;1.82;0
22;bunker;665.00;16.23;260.00;1.82;0
22;bunker;722.00;20.18;229.00;1.82;0
22;bunker;620.00;20.85;256.00;1.82;0
22;bunker;684.00;19.15;224.00;1.82;0
22;bunker;692.00;17.35;251.00;1.82;0
22;bunker;638.00;12.60;215.00;1.82;0
22;bunker;605.00;18.85;225.00;1.82;0
22;bunker;688.00;18.08;279.00;1.82;0
22;bunker;671.00;18.50;273.00;1.82;0
22;bunker;729.00;15.40;215.00;1.82;0
22;bunker;643.00;17.10;260.00;1.82;0
22;bunker;666.00;17.33;233.00;1.82;0
22;bunker;673.00;16.52;221.00;1.82;0
22;bunker;613.00;17.38;230.00;1.82;0
22;bunker;742.00;19.70;214.00;1.82;0
22;bunker;627.00;19.12;263.00;1.82;0
22;bunker;650.00;17.40;223.00;1.82;0
22;bunker;742.00;21.18;277.00;1.82;0
22;bunker;757.00;16.93;278.00;1.82;0
22;bunker;701.00;20.68;278.00;1.82;0
22;bunker;677.00;18.35;274.00;1.82;0
22;bunker;717.00;19.38;277.00;1.82;0
22;bunker;618.00;17.77;244.00;1.82;0
22;bunker;726.00;18.98;227.00;1.82;0
22;bunker;726.00;17.65;274.00;1.82;0
22;bunker;735.00;18.90;218.00;1.82;0
22;bunker;692.00;19.38;230.00;1.82;0
22;bunker;712.00;19.52;227.00;1.82;0
22;bunker;655.00;15.32;217.00;1.82;0
22;bunker;634.00;18.40;227.00;1.82;0
22;bunker;612.00;17.93;255.00;1.82;0
22;bunker;712.00;18.75;266.00;1.82;0
22;bunker;632.00;16.80;268.00;1.82;0
22;bunker;710.00;16.48;260.00;1.82;0
22;bunker;702.00;11.85;212.00;1.82;0
22;bunker;664.00;12.57;215.00;1.82;0
22;bunker;642.00;16.73;238.00;1.82;0
22;bunker;693.00;17.45;265.00;1.82;0
22;bunker;654.00;17.02;262.00;1.82;0
22;bunker;741.00;14.68;209.00;1.82;0
22;bunker;690.00;14.68;219.00;1.82;0
22;coastal_bunker;734.00;10.82;207.00;-1.11;0
22;coastal_bunker;726.00;10.15;208.00;-0.24;0
22;coastal_bunker;680.00;10.20;212.00;-0.11;0
22;coastal_bunker;627.00;10.20;211.00;0.32;0
22;coastal_bunker;668.00;10.20;212.00;0.38;0
22;coastal_bunker;696.00;10.95;211.00;0.00;0
22;coastal_bunker;705.00;10.20;210.00;-0.79;0
22;coastal_bunker;657.00;10.20;213.00;0.32;0
22;coastal_bunker;612.00;9.50;209.00;0.51;0
22;coastal_bunker;641.00;10.20;212.00;0.46;0
22;coastal_bunker;662.00;10.20;213.00;0.28;0
22;dockyard;734.00;10.82;207.00;-1.11;0
22;anti_air_building;676.00;16.40;225.00;1.82;0
22;anti_air_building;676.00;16.40;225.00;1.82;0
22;anti_air_building;676.00;16.40;225.00;1.82;0
22;synthetic_refinery;676.00;16.40;225.00;1.82;0
22;fuel_silo;676.00;16.40;225.00;1.82;0
22;rocket_site;705.28;21.30;228.55;1.82;0
22;nuclear_reactor;676.00;16.40;225.00;1.82;0
14;arms_factory;684.07;15.30;244.08;0.10;0
14;arms_factory;661.00;16.85;244.00;0.10;0
14;arms_factory;661.00;16.85;244.00;0.10;0
14;arms_factory;661.00;16.85;244.00;0.10;0
14;arms_factory;661.00;16.85;244.00;0.10;0
14;arms_factory;661.00;16.85;244.00;0.10;0
14;industrial_complex;650.04;18.70;247.24;0.10;0
14;industrial_complex;661.00;16.85;244.00;0.10;0
14;industrial_complex;661.00;16.85;244.00;0.10;0
14;industrial_complex;661.00;16.85;244.00;0.10;0
14;industrial_complex;661.00;16.85;244.00;0.10;0
14;industrial_complex;661.00;16.85;244.00;0.10;0
14;air_base;672.66;14.90;243.70;-0.10;0
14;supply_node;700.00;14.07;246.00;1.53;0
14;supply_node;686.00;14.40;243.00;0.03;0
14;supply_node;677.35;13.80;244.16;0.03;0
14;supply_node;660.00;14.85;246.00;0.53;0
14;supply_node;647.00;14.62;247.00;3.33;0
14;supply_node;634.00;15.18;245.00;0.83;0
14;supply_node;622.00;16.48;239.00;0.03;0
14;supply_node;603.49;11.40;234.31;1.83;0
14;bunker;663.76;15.20;245.39;2.10;0
14;bunker;609.00;12.55;236.00;-0.30;0
14;bunker;677.15;14.60;246.96;0.60;0
14;bunker;643.98;14.20;247.45;-0.40;0
14;bunker;679.00;14.72;241.00;3.90;0
14;bunker;634.00;14.95;248.00;1.10;0
14;bunker;694.00;14.85;246.00;2.90;0
14;bunker;626.00;15.95;241.00;-1.60;0
14;anti_air_building;656.69;14.40;247.27;1.10;0
14;anti_air_building;681.83;14.00;244.49;-1.00;0
14;anti_air_building;612.73;13.50;235.58;1.00;0
14;synthetic_refinery;605.84;12.10;235.26;0.10;0
14;fuel_silo;602.94;12.20;237.76;0.10;0
14;rocket_site;668.95;15.00;245.13;0.80;0
14;nuclear_reactor;701.34;13.90;249.42;0.10;0
14;radar_station;701.34;13.90;249.42;0.10;0
17;arms_factory;587.80;10.90;213.45;4.61;0
17;arms_factory;583.20;10.50;212.45;0.71;0
17;arms_factory;579.41;10.30;209.82;0.71;0
17;arms_factory;587.59;10.40;208.54;0.71;0
17;arms_factory;565.65;11.30;205.52;0.13;0
17;arms_factory;566.80;12.10;208.21;0.71;0
17;industrial_complex;588.71;11.10;222.64;4.81;0
17;industrial_complex;582.19;10.40;209.40;0.71;0
17;industrial_complex;589.34;11.10;211.78;2.61;0
17;industrial_complex;568.70;11.20;210.38;-0.79;0
17;industrial_complex;589.94;11.60;224.31;-0.09;0
17;industrial_complex;580.70;10.30;212.26;1.91;0
17;air_base;573.72;10.40;208.78;0.71;0
17;supply_node;585.59;10.60;213.23;2.70;0
17;supply_node;590.00;10.67;218.00;4.40;0
17;supply_node;600.00;11.70;210.00;3.40;0
17;supply_node;592.00;11.60;226.00;2.90;0
17;supply_node;578.00;11.25;218.00;0.52;0
17;supply_node;576.17;10.70;211.74;2.40;0
17;supply_node;564.42;11.50;208.18;4.60;0
17;supply_node;580.13;14.90;224.75;4.60;0
17;supply_node;549.00;12.20;202.00;3.40;0
17;supply_node;541.00;11.45;199.00;4.40;0
17;naval_base;574.00;9.50;204.00;0.00;3645
17;naval_base;605.00;9.50;208.00;0.11;3581
17;naval_base;546.00;9.90;197.00;0.30;3590
17;naval_base;582.00;9.50;205.00;-0.04;3645
17;naval_base;557.00;11.57;202.00;0.38;3590
17;naval_base;543.00;9.85;196.00;-0.24;3546
17;bunker;580.93;10.50;217.62;1.21;0
17;bunker;594.13;13.80;217.89;-0.99;0
17;bunker;600.00;13.40;213.00;0.71;0
17;bunker;576.00;12.50;223.00;1.51;0
17;bunker;594.80;12.20;227.21;-3.09;0
17;bunker;560.73;11.10;205.50;1.11;0
17;bunker;541.94;12.90;201.45;1.41;0
17;bunker;585.54;10.70;210.88;0.71;0
17;bunker;570.00;10.40;208.00;2.21;0
17;bunker;551.13;12.10;204.62;1.21;0
17;coastal_bunker;570.26;10.10;204.14;0.00;0
17;coastal_bunker;600.26;10.40;208.08;-0.09;0
17;coastal_bunker;548.98;10.40;197.69;0.40;0
17;coastal_bunker;585.89;10.00;206.20;0.16;0
17;coastal_bunker;563.57;10.90;203.00;-0.02;0
17;coastal_bunker;540.05;10.60;195.40;0.36;0
17;dockyard;578.68;9.70;205.00;0.00;0
17;anti_air_building;586.89;10.30;216.56;-0.99;0
17;anti_air_building;577.02;10.00;207.99;2.41;0
17;anti_air_building;593.59;14.30;211.03;3.71;0
17;synthetic_refinery;589.54;10.80;219.93;2.61;0
17;fuel_silo;587.34;10.80;217.89;0.71;0
17;radar_station;578.42;10.30;211.45;2.70;0
17;rocket_site;544.08;12.70;203.76;-0.89;0
17;nuclear_reactor;572.93;11.00;212.36;-0.09;0
18;arms_factory;532.93;13.20;221.36;4.83;0
18;arms_factory;531.00;12.95;221.00;4.83;0
18;arms_factory;531.00;12.95;221.00;4.83;0
18;industrial_complex;528.72;13.00;219.93;4.83;0
18;industrial_complex;531.00;12.95;221.00;4.83;0
18;industrial_complex;531.00;12.95;221.00;4.83;0
18;industrial_complex;531.00;12.95;221.00;4.83;0
18;industrial_complex;531.00;12.95;221.00;4.83;0
18;industrial_complex;531.00;12.95;221.00;4.83;0
18;arms_factory;531.00;12.95;221.00;4.83;0
18;arms_factory;531.00;12.95;221.00;4.83;0
18;arms_factory;531.00;12.95;221.00;4.83;0
18;air_base;590.39;12.90;246.07;5.53;0
18;supply_node;596.00;11.65;239.00;1.26;0
18;supply_node;596.26;13.10;253.78;1.06;0
18;supply_node;588.00;13.02;244.00;2.16;0
18;supply_node;575.18;12.80;243.62;0.46;0
18;supply_node;564.00;12.88;235.00;-1.24;0
18;supply_node;549.00;14.12;223.00;0.46;0
18;supply_node;533.00;13.25;220.00;0.46;0
18;supply_node;516.80;12.90;217.50;0.46;0
18;supply_node;507.00;13.73;212.00;0.46;0
18;bunker;536.59;12.70;223.23;2.95;0
18;bunker;579.00;13.15;245.00;2.65;0
18;bunker;553.00;15.05;224.00;4.23;0
18;bunker;567.00;12.50;238.00;0.05;0
18;bunker;594.00;13.55;252.00;3.23;0
18;bunker;587.42;13.30;247.97;0.95;0
18;bunker;503.02;13.20;210.79;4.83;0
18;bunker;525.00;14.73;214.00;4.63;0
18;bunker;595.00;11.95;243.00;0.95;0
18;anti_air_building;512.54;12.80;215.37;1.65;0
18;anti_air_building;597.21;12.90;256.81;5.53;0
18;anti_air_building;560.17;14.70;227.53;6.13;0
18;synthetic_refinery;526.85;13.40;219.62;4.83;0
18;fuel_silo;532.38;12.90;222.20;4.83;0
18;rocket_site;597.45;13.60;245.56;3.63;0
18;nuclear_reactor;531.00;12.95;221.00;4.83;0
18;radar_station;545.19;15.80;219.57;-1.75;0
21;arms_factory;475.24;12.40;213.67;0.61;0
21;arms_factory;480.37;11.90;213.15;1.81;0
21;arms_factory;462.23;12.80;216.29;2.01;0
21;arms_factory;466.13;12.40;216.49;0.61;0
21;arms_factory;459.25;12.60;213.43;1.81;0
21;arms_factory;463.34;12.80;210.23;2.71;0
21;industrial_complex;485.21;12.80;212.31;0.61;0
21;industrial_complex;474.35;12.00;209.93;2.01;0
21;industrial_complex;478.99;11.80;207.82;1.41;0
21;industrial_complex;482.28;12.90;215.05;1.01;0
21;industrial_complex;482.91;11.80;209.59;0.31;0
21;industrial_complex;478.16;12.10;210.50;0.91;0
21;air_base;471.30;12.20;211.95;3.21;0
21;supply_node;493.00;11.70;213.00;1.17;0
21;supply_node;476.56;11.60;208.45;3.17;0
21;supply_node;482.00;13.23;219.00;1.57;0
21;supply_node;493.00;14.73;229.00;1.17;0
21;supply_node;477.00;13.75;229.00;-2.53;0
21;supply_node;469.00;12.20;221.00;1.77;0
21;supply_node;466.09;12.60;209.46;1.97;0
21;supply_node;458.00;13.30;202.00;0.57;0
21;supply_node;453.00;12.18;212.00;-0.73;0
21;supply_node;459.00;12.30;223.00;3.37;0
21;bunker;475.83;12.20;233.37;-2.49;0
21;bunker;476.44;11.80;212.74;5.01;0
21;bunker;459.00;12.65;206.00;4.71;0
21;bunker;458.52;12.40;225.73;4.31;0
21;bunker;496.79;12.60;211.77;2.31;0
21;bunker;468.32;12.40;225.30;4.11;0
21;bunker;469.81;12.00;208.69;-1.49;0
21;bunker;476.36;12.50;217.35;-1.09;0
21;bunker;490.30;13.90;228.45;-0.49;0
21;bunker;450.24;12.20;212.54;-0.99;0
21;anti_air_building;484.32;12.00;214.93;0.21;0
21;anti_air_building;472.48;12.00;215.81;0.41;0
21;anti_air_building;481.30;12.00;208.34;0.61;0
21;synthetic_refinery;486.73;11.70;209.84;0.61;0
21;fuel_silo;484.01;11.40;211.56;0.61;0
21;radar_station;478.65;16.10;225.87;1.17;0
21;rocket_site;496.33;16.00;234.50;-3.49;0
21;nuclear_reactor;490.80;11.60;211.55;0.61;0
23;arms_factory;573.00;21.10;258.00;4.84;0
23;arms_factory;573.00;21.10;258.00;4.84;0
23;arms_factory;573.00;21.10;258.00;4.84;0
23;arms_factory;573.00;21.10;258.00;4.84;0
23;arms_factory;573.00;21.10;258.00;4.84;0
23;arms_factory;573.00;21.10;258.00;4.84;0
23;industrial_complex;573.00;21.10;258.00;4.84;0
23;industrial_complex;573.00;21.10;258.00;4.84;0
23;industrial_complex;573.00;21.10;258.00;4.84;0
23;industrial_complex;573.00;21.10;258.00;4.84;0
23;industrial_complex;573.00;21.10;258.00;4.84;0
23;industrial_complex;573.00;21.10;258.00;4.84;0
23;air_base;589.55;18.50;263.22;4.84;0
23;supply_node;587.00;16.83;235.00;0.76;0
23;supply_node;580.00;17.12;235.00;0.76;0
23;supply_node;571.00;17.62;229.00;0.76;0
23;supply_node;560.00;16.98;219.00;0.76;0
23;supply_node;546.00;15.30;213.00;0.76;0
23;supply_node;534.00;15.38;207.00;0.76;0
23;supply_node;531.00;10.90;195.00;0.76;0
23;supply_node;522.00;16.00;203.00;0.76;0
23;supply_node;516.00;13.45;194.00;0.76;0
23;supply_node;505.00;15.70;201.00;0.76;0
23;supply_node;505.00;11.25;188.00;0.76;0
23;supply_node;492.00;19.65;198.00;0.76;0
23;supply_node;494.00;10.82;184.00;0.76;0
23;supply_node;483.00;15.35;188.00;0.76;0
23;supply_node;479.00;13.78;198.00;0.76;0
23;supply_node;470.00;16.90;190.00;0.76;0
23;supply_node;470.00;12.93;175.00;0.76;0
23;supply_node;483.00;10.88;179.00;0.76;0
23;supply_node;461.00;15.23;182.00;0.76;0
23;supply_node;459.00;10.60;168.00;0.76;0
23;supply_node;449.00;14.23;173.00;0.76;0
23;supply_node;451.00;15.57;183.00;0.76;0
23;supply_node;507.00;19.45;240.00;0.76;0
23;supply_node;503.00;16.05;222.00;0.76;0
23;supply_node;513.00;20.02;227.00;0.76;0
23;supply_node;519.00;16.45;239.00;0.76;0
23;supply_node;523.00;19.48;229.00;0.76;0
23;supply_node;531.00;18.73;241.00;0.76;0
23;supply_node;534.00;21.05;231.00;0.76;0
23;supply_node;547.00;18.58;234.00;0.76;0
23;supply_node;542.00;17.95;246.00;0.76;0
23;supply_node;555.00;17.52;242.00;0.76;0
23;supply_node;555.00;19.83;257.00;0.76;0
23;supply_node;566.00;18.58;259.00;0.76;0
23;supply_node;565.00;16.98;247.00;0.76;0
23;supply_node;578.00;18.68;255.00;0.76;0
23;supply_node;588.00;18.55;261.00;0.76;0
23;naval_base;476.00;10.05;173.00;0.79;3648
23;naval_base;532.00;9.70;193.00;-0.32;3546
23;naval_base;482.00;10.38;176.00;0.79;3648
23;naval_base;506.00;9.60;183.00;0.64;3595
23;naval_base;517.00;9.60;187.00;0.46;3546
23;naval_base;456.00;10.10;165.00;1.11;3564
23;naval_base;491.00;9.60;179.00;0.59;3595
23;bunker;573.00;21.10;258.00;4.84;0
23;bunker;489.00;19.80;195.00;4.84;0
23;bunker;511.00;16.02;202.00;4.84;0
23;bunker;523.00;19.52;233.00;4.84;0
23;bunker;567.00;19.93;257.00;4.84;0
23;bunker;528.00;16.55;211.00;4.84;0
23;bunker;475.00;13.43;197.00;4.84;0
23;bunker;589.00;16.12;258.00;4.84;0
23;bunker;501.00;14.80;220.00;4.84;0
23;bunker;468.00;14.95;182.00;4.84;0
23;bunker;548.00;19.00;247.00;4.84;0
23;bunker;518.00;16.48;238.00;4.84;0
23;bunker;577.00;17.62;230.00;4.84;0
23;bunker;529.00;18.20;242.00;4.84;0
23;bunker;529.00;10.50;193.00;4.84;0
23;bunker;504.00;10.35;184.00;4.84;0
23;bunker;517.00;14.35;195.00;4.84;0
23;bunker;468.00;15.98;188.00;4.84;0
23;bunker;515.00;19.70;245.00;4.84;0
23;bunker;509.00;18.77;227.00;4.84;0
23;bunker;489.00;12.93;186.00;4.84;0
23;bunker;481.00;15.60;188.00;4.84;0
23;bunker;551.00;14.53;230.00;4.84;0
23;bunker;588.00;16.40;238.00;4.84;0
23;bunker;554.00;17.58;242.00;4.84;0
23;bunker;554.00;19.40;257.00;4.84;0
23;bunker;531.00;14.73;203.00;4.84;0
23;bunker;585.00;18.00;238.00;4.84;0
23;bunker;449.00;15.43;185.00;4.84;0
23;bunker;572.00;17.83;250.00;4.84;0
23;bunker;473.00;13.40;179.00;4.84;0
23;bunker;488.00;11.88;185.00;4.84;0
23;bunker;557.00;18.93;219.00;4.84;0
23;bunker;456.00;12.88;171.00;4.84;0
23;bunker;546.00;18.00;215.00;4.84;0
23;bunker;528.00;17.10;227.00;4.84;0
23;bunker;455.00;10.55;169.00;4.84;0
23;coastal_bunker;476.00;10.05;173.00;0.79;0
23;coastal_bunker;532.00;9.70;193.00;-0.32;0
23;coastal_bunker;482.00;10.38;176.00;0.79;0
23;coastal_bunker;506.00;9.60;183.00;0.64;0
23;coastal_bunker;517.00;9.60;187.00;0.46;0
23;coastal_bunker;456.00;10.10;165.00;1.11;0
23;coastal_bunker;491.00;9.60;179.00;0.59;0
23;dockyard;476.00;10.05;173.00;0.79;0
23;anti_air_building;573.00;21.10;258.00;4.84;0
23;anti_air_building;573.00;21.10;258.00;4.84;0
23;anti_air_building;573.00;21.10;258.00;4.84;0
23;synthetic_refinery;573.00;21.10;258.00;4.84;0
23;fuel_silo;573.00;21.10;258.00;4.84;0
23;rocket_site;554.79;21.10;245.92;4.84;0
23;nuclear_reactor;536.83;19.30;234.09;4.84;0
19;industrial_complex;616.99;12.80;284.26;0.71;0
19;industrial_complex;612.33;12.60;286.04;1.61;0
19;industrial_complex;613.52;13.00;281.46;0.81;0
19;industrial_complex;608.27;12.60;277.74;2.41;0
19;industrial_complex;612.24;12.80;277.12;0.01;0
19;industrial_complex;615.04;13.00;288.61;1.71;0
19;arms_factory;613.12;13.00;291.85;1.21;0
19;arms_factory;616.06;12.80;291.56;0.71;0
19;arms_factory;618.36;12.60;287.13;1.41;0
19;arms_factory;622.19;12.40;283.27;0.51;0
19;arms_factory;608.88;12.80;291.42;2.31;0
19;arms_factory;615.52;12.60;282.71;0.11;0
19;air_base;623.39;12.00;286.68;0.41;0
19;supply_node;599.00;13.90;264.00;3.04;0
19;supply_node;603.32;13.10;278.59;2.74;0
19;supply_node;618.71;12.40;282.68;1.74;0
19;supply_node;610.00;14.80;270.00;0.14;0
19;supply_node;627.00;11.18;280.00;2.74;0
19;supply_node;605.00;12.45;296.00;4.44;0
19;supply_node;615.00;12.75;301.00;1.44;0
19;supply_node;625.00;12.30;296.00;-0.86;0
19;supply_node;637.00;12.12;290.00;2.44;0
19;supply_node;639.00;11.50;281.58;0.64;0
19;bunker;625.96;12.20;299.31;3.31;0
19;bunker;600.67;13.40;263.51;0.41;0
19;bunker;637.80;12.30;292.55;3.01;0
19;bunker;617.71;12.80;303.30;3.31;0
19;bunker;609.33;12.80;295.47;5.01;0
19;bunker;626.49;11.50;283.71;3.51;0
19;bunker;643.00;12.68;283.00;2.91;0
19;bunker;610.28;13.20;272.92;-2.79;0
19;bunker;616.96;12.80;288.33;3.21;0
19;bunker;609.30;12.80;288.71;3.01;0
19;anti_air_building;612.61;12.70;288.08;0.41;0
19;anti_air_building;619.91;12.40;290.34;-0.59;0
19;anti_air_building;617.19;12.40;279.83;-1.29;0
19;synthetic_refinery;623.89;12.20;280.68;1.21;0
19;fuel_silo;621.20;12.60;280.96;1.21;0
19;radar_station;606.23;17.90;285.49;1.94;0
19;rocket_site;632.17;11.20;283.36;-0.19;0
19;nuclear_reactor;602.76;12.90;276.09;2.21;0
24;arms_factory;566.36;14.40;284.23;1.22;0
24;arms_factory;564.92;15.60;279.85;0.42;0
24;arms_factory;560.78;15.90;283.46;2.12;0
24;arms_factory;579.54;13.70;280.35;1.22;0
24;arms_factory;571.68;15.80;272.59;1.82;0
24;arms_factory;568.98;14.50;278.80;1.22;0
24;industrial_complex;575.07;13.90;280.46;0.92;0
24;industrial_complex;571.10;14.20;281.28;1.82;0
24;industrial_complex;571.68;14.50;277.96;-0.48;0
24;industrial_complex;576.44;14.00;276.50;1.22;0
24;industrial_complex;566.59;14.90;275.66;1.22;0
24;industrial_complex;573.47;14.50;275.80;1.62;0
24;air_base;583.73;13.60;292.33;2.22;0
24;supply_node;589.80;12.20;283.57;3.34;0
24;supply_node;595.00;12.12;289.00;5.04;0
24;supply_node;586.81;13.50;295.16;4.34;0
24;supply_node;580.73;13.10;284.25;5.24;0
24;supply_node;579.00;16.62;269.00;3.84;0
24;supply_node;570.07;14.20;276.57;5.54;0
24;supply_node;571.00;14.20;290.00;4.04;0
24;supply_node;557.84;14.90;284.26;3.94;0
24;supply_node;562.00;18.18;269.00;3.34;0
24;supply_node;551.00;15.75;272.00;3.74;0
24;supply_node;543.00;16.20;265.00;3.94;0
24;supply_node;542.00;17.25;256.00;2.94;0
24;supply_node;548.00;15.05;284.00;1.34;0
24;supply_node;539.00;14.80;276.00;4.94;0
24;supply_node;558.00;15.30;292.00;2.84;0
24;bunker;552.00;15.95;275.00;4.62;0
24;bunker;580.04;15.60;271.54;4.22;0
24;bunker;540.00;16.45;259.00;4.32;0
24;bunker;561.00;17.92;271.00;2.62;0
24;bunker;544.28;15.50;269.41;4.52;0
24;bunker;594.58;12.30;293.30;3.22;0
24;bunker;578.13;13.50;283.64;3.52;0
24;bunker;572.99;14.00;281.32;-2.18;0
24;bunker;562.87;15.20;284.62;3.52;0
24;bunker;591.11;12.30;281.74;4.02;0
24;bunker;573.66;14.10;291.37;2.92;0
24;bunker;542.00;15.00;274.00;4.72;0
24;bunker;550.00;15.00;285.00;3.32;0
24;bunker;588.41;13.30;296.63;3.52;0
24;bunker;556.23;15.50;294.52;4.52;0
24;anti_air_building;562.95;16.00;281.94;-1.08;0
24;anti_air_building;569.79;14.00;284.71;0.32;0
24;anti_air_building;577.22;13.60;280.61;-0.78;0
24;synthetic_refinery;572.65;13.90;285.34;1.22;0
24;fuel_silo;568.74;14.50;286.36;1.22;0
24;radar_station;560.16;19.90;277.69;3.34;0
24;rocket_site;583.67;12.80;284.27;1.22;0
24;nuclear_reactor;547.81;14.80;277.27;1.22;0
20;arms_factory;674.48;13.70;294.34;2.77;0
20;arms_factory;676.27;13.70;291.29;1.97;0
20;arms_factory;680.41;13.70;293.65;4.77;0
20;arms_factory;667.72;13.90;285.33;2.77;0
20;arms_factory;665.91;14.30;297.52;2.27;0
20;arms_factory;670.46;14.20;300.27;0.77;0
20;industrial_complex;677.60;13.70;295.69;1.87;0
20;industrial_complex;676.59;13.70;302.64;1.77;0
20;industrial_complex;658.76;14.30;293.17;2.27;0
20;industrial_complex;687.10;13.70;307.48;0.77;0
20;industrial_complex;681.79;13.70;295.61;0.57;0
20;industrial_complex;677.13;14.50;288.38;1.67;0
20;air_base;687.53;14.00;297.68;2.77;0
20;supply_node;654.35;16.00;274.73;4.87;0
20;supply_node;648.00;13.70;288.00;5.47;0
20;supply_node;655.00;13.68;298.00;4.07;0
20;supply_node;671.00;14.20;306.00;5.67;0
20;supply_node;676.08;13.70;299.57;3.87;0
20;supply_node;671.77;13.30;286.50;4.07;0
20;supply_node;681.00;16.48;285.00;4.87;0
20;supply_node;690.60;13.90;296.82;5.57;0
20;supply_node;689.27;13.70;304.37;2.97;0
20;supply_node;696.00;15.15;291.00;6.07;0
20;supply_node;660.88;14.80;287.77;4.87;0
20;supply_node;666.21;14.50;279.58;3.97;0
20;bunker;683.25;15.50;287.51;4.37;0
20;bunker;668.77;14.10;279.32;3.97;0
20;bunker;661.84;14.20;290.36;4.07;0
20;bunker;695.44;14.10;293.60;3.57;0
20;bunker;658.46;14.20;296.64;4.17;0
20;bunker;683.47;13.70;299.20;3.27;0
20;bunker;671.93;13.40;287.39;3.27;0
20;bunker;673.72;13.90;305.82;3.47;0
20;bunker;656.53;16.60;276.98;2.67;0
20;bunker;672.42;13.40;298.43;3.47;0
20;bunker;686.58;13.90;305.30;2.77;0
20;bunker;648.23;13.20;291.15;4.37;0
20;anti_air_building;687.56;13.80;294.69;5.27;0
20;anti_air_building;679.21;13.40;298.70;0.07;0
20;anti_air_building;677.44;13.70;291.23;-0.73;0
20;synthetic_refinery;674.57;13.70;290.67;2.77;0
20;fuel_silo;675.66;13.70;292.60;2.77;0
20;radar_station;668.73;16.30;292.58;4.87;0
20;rocket_site;691.97;14.80;290.55;1.47;0
20;nuclear_reactor;671.01;14.00;283.33;2.77;0
25;arms_factory;902.39;15.00;294.53;1.46;0
25;arms_factory;908.24;15.00;292.78;1.44;0
25;arms_factory;894.30;17.50;290.05;5.84;0
25;arms_factory;887.92;16.20;292.31;1.86;0
25;arms_factory;891.50;16.40;292.62;1.46;0
25;arms_factory;914.45;14.50;291.71;0.86;0
25;industrial_complex;906.83;15.00;292.40;0.86;0
25;industrial_complex;902.52;15.20;292.73;1.66;0
25;industrial_complex;905.97;15.00;293.85;1.16;0
25;industrial_complex;904.38;15.00;294.91;0.46;0
25;industrial_complex;904.37;15.20;291.57;0.86;0
25;industrial_complex;899.47;15.00;295.61;1.66;0
25;air_base;896.61;14.40;298.60;3.54;0
25;supply_node;919.00;13.70;296.00;1.60;0
25;supply_node;911.00;13.75;304.00;-0.50;0
25;supply_node;898.00;14.20;305.00;0.20;0
25;supply_node;886.00;14.00;299.00;-2.20;0
25;supply_node;878.99;14.70;294.36;2.50;0
25;supply_node;881.00;16.30;276.00;0.00;0
25;supply_node;895.34;16.90;285.33;1.30;0
25;supply_node;904.31;16.10;284.68;0.00;0
25;supply_node;909.30;16.70;279.62;-0.20;0
25;supply_node;917.74;14.60;288.34;-2.70;0
25;supply_node;900.82;14.40;297.80;0.60;0
25;supply_node;868.00;15.85;277.00;-0.20;0
25;supply_node;869.45;15.20;292.79;0.00;0
25;supply_node;871.16;12.40;304.76;0.90;0
25;bunker;900.05;14.30;307.20;-2.24;0
25;bunker;916.00;14.73;289.00;3.04;0
25;bunker;868.95;15.50;289.51;4.54;0
25;bunker;890.82;14.20;299.40;4.84;0
25;bunker;885.50;16.40;275.66;5.34;0
25;bunker;908.99;15.30;268.28;3.84;0
25;bunker;903.47;16.60;287.80;3.36;0
25;bunker;910.19;13.80;298.77;3.54;0
25;bunker;875.27;13.00;302.38;4.54;0
25;bunker;864.46;16.00;278.20;5.14;0
25;bunker;893.10;16.70;286.30;5.04;0
25;bunker;882.23;15.30;292.68;4.54;0
25;bunker;899.89;14.40;298.41;4.34;0
25;bunker;917.92;13.60;298.68;3.34;0
25;anti_air_building;904.40;14.30;297.47;0.46;0
25;anti_air_building;876.46;14.50;296.69;0.56;0
25;anti_air_building;883.69;18.30;283.26;5.84;0
25;synthetic_refinery;912.34;14.30;293.60;5.34;0
25;fuel_silo;915.16;14.20;295.15;5.34;0
25;radar_station;879.89;20.40;283.28;0.00;0
25;rocket_site;885.22;13.60;302.53;5.34;0
25;nuclear_reactor;907.43;13.80;302.72;5.24;0